input=[0.3161 0.2054 0.2058 0.2424; 
       0.2545 0.3361 0.1632 0.2513; 
       0.2926 0.2665 0.1752 0.2448;
       0.5443 0.3870 0.1455 0.3590; 
       0.4003 0.2911 0.2345 0.3087;
       0.2867 0.3086 0.1953 0.2635;  
       0.2915 0.2534 0.1818 0.2422;
       0.4493 0.4548 0.1996 0.3679; 
       0.6129 0.1996 0.2004 0.3376; 
       0.2203 0.2703 0.1789 0.2232];%RGB means of 10 fruits
   t1=[1 0 0 0 0 0 0 0 0 0;
        0 1 0 0 0 0 0 0 0 0;
        0 0 1 0 0 0 0 0 0 0;
        0 0 0 1 0 0 0 0 0 0;
        0 0 0 0 1 0 0 0 0 0;
        0 0 0 0 0 1 0 0 0 0;
        0 0 0 0 0 0 1 0 0 0;
        0 0 0 0 0 0 0 1 0 0;
        0 0 0 0 0 0 0 0 1 0;
        0 0 0 0 0 0 0 0 0 1];
    save comp.mat