
input_data=[1 0 1 1 1 1 1 1 1 1;
    1 1 1 1 0 1 1 1 1 1;
    1 0 1 1 1 1 1 1 1 1;
    1 1 0 0 1 1 1 0 1 1;
    0 1 0 0 0 0 0 0 0 0;
    1 0 1 1 1 0 0 1 1 1;
    1 0 1 1 1 1 1 0 1 1;
    0 1 1 1 1 1 1 0 1 1;
    1 0 1 1 1 1 1 1 1 1;
    1 0 1 0 0 0 1 0 1 0;
    0 1 0 0 0 0 0 0 0 0;
    1 0 0 1 1 1 1 1 1 1;
    1 1 1 1 0 1 1 0 1 1;
    1 1 1 1 0 1 1 0 1 1;
    1 1 1 1 1 1 1 1 1 1;]
output_data=[1 0 0 0 0 0 0 0 0 0;
    0 1 0 0 0 0 0 0 0 0;
    0 0 1 0 0 0 0 0 0 0;
    0 0 0 1 0 0 0 0 0 0;
    0 0 0 0 1 0 0 0 0 0;
    0 0 0 0 0 1 0 0 0 0;
    0 0 0 0 0 0 1 0 0 0;
    0 0 0 0 0 0 0 1 0 0;
    0 0 0 0 0 0 0 0 1 0;
    0 0 0 0 0 0 0 0 0 1;]
test_data=[1 0 1 1 1;
    1 1 1 1 0;
    1 1 1 1 1;
    1 1 0 0 1;
    0 1 0 0 1;
    1 1 1 1 1;
    1 0 1 1 1;
    0 1 1 1 1;
    1 0 1 1 1;
    1 1 1 0 0;
    0 1 0 1 0;
    1 0 0 1 1;
    1 1 1 1 1;
    1 1 1 1 0;
    1 1 1 1 1;]
save reg